$ 0 0.000005 22.512744558455275 50 5 50
R -80 64 -112 64 0 0 40 0.008 0 0 0.5
v -48 64 -80 64 4 5 10 5 0 0 0.04
w -48 64 0 64 0
a 160 80 240 80 1 5 0 1000000 0.004995004995004995 0.008
w 0 64 80 64 0
r 0 64 0 112 0 10000
w 80 112 80 160 0
a 160 176 240 176 1 5 0 1000000 0.004995004995004995 -0.007999840003199936
w 80 64 160 64 0
R 64 288 32 288 0 0 40 5 0 0 0.5
r 64 288 128 288 0 100000
r 128 288 192 288 0 100
w 128 288 128 320 2
g 192 288 192 320 0
w 160 192 128 192 0
w 128 288 128 192 0
w 160 96 128 96 0
w 128 96 128 192 0
w 240 80 272 80 2
w 240 176 272 176 2
a 0 160 80 160 0 15 -15 1000000 7.999840003199936e-8 0
r 0 112 80 112 0 10000
g 0 176 0 208 0
w 80 160 160 160 0
w 0 112 0 144 0
o 2 64 0 12291 0.008 0.0001 0 2 2 3
o 18 128 0 4099 10 0.00009765625 1 2 18 3
o 19 128 0 4099 10 0.00009765625 2 2 19 3
