$ 0 5.208333333333334e-7 24.46919322642204 31 5 50
R 48 -32 16 -32 0 1 100 0.5 0 0 0.5
c 160 -32 208 -32 0 0.000001 -0.497425488836251
a 256 -16 352 -16 1 5 0 1000000 -1.0380190757177168e-8 -0.0002076141953343007
w 208 -32 256 -32 0
g 256 80 256 96 0
a 176 320 272 320 1 15 0 1000000 0 0
w 176 336 176 368 0
r 272 320 336 320 0 50
c 336 320 336 368 0 0.000022 2.47e-321
g 336 368 336 384 0
w 352 -16 400 -16 2
w 336 320 400 320 2
w 128 -32 160 -32 0
w 128 304 176 304 0
r 256 32 352 32 0 10000
w 352 -16 352 32 0
r 256 32 256 80 0 10000
w 256 0 256 32 0
r 176 368 272 368 0 10000
r 176 368 176 416 0 10000
w 272 320 272 368 0
g 176 416 176 432 0
r 208 -32 208 16 0 160
g 208 16 208 32 0
w 128 -32 128 144 0
g 208 192 208 208 0
r 208 144 160 144 0 160
w 256 176 256 208 0
r 256 208 256 256 0 10000
w 352 160 352 208 0
r 256 208 352 208 0 10000
w 352 160 400 160 2
g 256 256 256 272 0
w 208 144 256 144 0
a 256 160 352 160 1 5 0 1000000 -0.000024870030940265087 -0.49742548883624205
c 208 144 208 192 0 0.000001 -0.49742548883624205
w 128 144 160 144 0
r 48 -32 128 -32 0 1
o 3 64 0 12291 0.050007095486703186 0.0001 0 2 3 3
o 33 64 0 12291 0.4974297732311269 0.0001 1 2 33 3
